Y	tau	Z	SW	alpha
-871261.26078	-180879.866541	-8017.26174705	-543692.289668	-347.824757654
-805336.775102	-180879.866541	-6817.60669921	-46621.2741658	-347.824757654
-794845.303421	-180879.866541	-6694.05348691	-46328.5799382	-347.824757654
-792628.441321	-180879.866541	-6561.20250671	-44833.8754623	-347.824757654
-791802.822016	-180879.866541	-6378.02386708	-43652.59958	-347.824757654
-791403.516542	-180879.866541	-6182.03569119	-42596.8516479	-347.824757654
-791161.238269	-180879.866541	-5983.68733983	-41747.4026853	-347.824757654
-791066.704786	-180879.866541	-5748.6130873	-41093.681054	-347.824757654
-791039.358863	-180879.866541	-5508.42308747	-40671.7259058	-347.824757654
-790929.891392	-180879.866541	-5231.20272809	-37090.6345996	-342.732188727
-790768.477594	-180879.866541	-5158.91347629	-36876.3090812	-342.732188727
-790660.516629	-180879.866541	-5054.91060393	-34996.4058922	-340.185904263
-790624.813548	-180879.866541	-4953.410275	-33095.2183846	-337.6396198
-790638.808854	-180879.866541	-4849.52498944	-31184.1303899	-335.093335336
-790694.375819	-180879.866541	-4801.82677012	-30918.7211691	-335.093335336
-790778.789017	-180879.866541	-4745.34897469	-30635.5639372	-335.093335336
-790889.90159	-180879.866541	-4673.49014388	-30339.565422	-335.093335336
-791043.71825	-180879.866541	-4575.40893712	-30023.6142706	-335.093335336
-791251.400648	-180879.866541	-4433.50918963	-29671.8039768	-335.093335336
-791493.961418	-180879.866541	-4221.73349731	-29304.6016884	-335.093335336
-791747.274224	-180879.866541	-3915.01599653	-28952.5982735	-335.093335336
-791947.766652	-180879.866541	-3556.07661003	-28623.9247757	-335.093335336
-791982.680108	-180879.866541	-3314.5183186	-28341.3915108	-335.093335336
-791905.863959	-180879.866541	-3197.40833793	-28213.4547455	-335.093335336
-791768.738328	-180879.866541	-3134.05079564	-28182.0343142	-335.093335337
-791601.19073	-180879.866541	-3111.50572812	-28160.2743738	-335.093335337
-791454.739975	-180879.866541	-3040.68737718	-26474.4588315	-332.547050873
-791343.807482	-180879.866541	-3032.28203619	-26435.2304131	-332.547050873
-791255.660401	-180879.866541	-2963.21308878	-24732.8389948	-330.000766409
-791184.151012	-180879.866541	-2955.46667737	-24681.4786692	-330.000766409
-791125.865277	-180879.866541	-2948.52471995	-24622.5319923	-330.000766409
-791079.582023	-180879.866541	-2942.59371806	-24555.4032289	-330.000766409
-791042.941456	-180879.866541	-2938.28628314	-24482.9191338	-330.000766409
-791018.297504	-180879.866541	-2936.7586851	-24400.1144944	-330.000766409
-791003.357463	-180879.866541	-2939.56823365	-24315.8143186	-330.000766409
-790997.080029	-180879.866541	-2947.95146011	-24232.7679462	-330.000766409
-790995.951163	-180879.866541	-2962.66849573	-24154.3030061	-330.000766409
-790995.346172	-180879.866541	-2984.53022071	-24087.5886662	-330.000766409
-791003.030777	-180879.866541	-3013.25660101	-24028.4069046	-330.000766409
-791026.269843	-180879.866541	-3047.59572517	-23970.2850629	-330.000766409
-791062.796679	-180879.866541	-3085.42123895	-23914.0180139	-330.000766409
-791103.289216	-180879.866541	-3124.7846408	-23865.2697374	-330.000766409
-791145.934998	-180879.866541	-3163.67095315	-23822.9874102	-330.000766409
-791187.725395	-180879.866541	-3200.53019498	-23785.6325379	-330.000766409
-791227.520026	-180879.866541	-3234.40851454	-23752.9407561	-330.000766409
-791265.721322	-180879.866541	-3264.84407508	-23724.114258	-330.000766409
-791302.077011	-180879.866541	-3291.73697662	-23698.5383502	-330.000766409
-791337.337579	-180879.866541	-3315.1833092	-23675.4264604	-330.000766409
-791371.641297	-180879.866541	-3335.46637095	-23653.6281233	-330.000766409
-791404.754182	-180879.866541	-3352.94760769	-23632.4444532	-330.000766409
-791435.71437	-180879.866541	-3368.027324	-23611.931527	-330.000766409
-791463.080073	-180879.866541	-3381.07426999	-23593.462777	-330.000766409
-791486.651761	-180879.866541	-3392.34895346	-23577.9155638	-330.000766409
-791508.584006	-180879.866541	-3402.14529025	-23564.3532282	-330.000766409
-791529.573237	-180879.866541	-3410.64699501	-23551.9641719	-330.000766409
-791550.117869	-180879.866541	-3418.0306825	-23539.5684372	-330.000766409
-791569.266375	-180879.866541	-3424.4881977	-23527.073529	-330.000766409
-791586.001426	-180879.866541	-3430.20923259	-23515.642562	-330.000766409
-791601.267201	-180879.866541	-3435.32510653	-23505.3334977	-330.000766409
-791615.102615	-180879.866541	-3439.93134666	-23495.641705	-330.000766409
-791627.431506	-180879.866541	-3444.09504345	-23486.9772819	-330.000766409
-791639.063377	-180879.866541	-3447.85685645	-23478.8047824	-330.000766409
-791649.932489	-180879.866541	-3451.26725854	-23470.7707709	-330.000766409
-791659.577331	-180879.866541	-3454.39396547	-23463.3306353	-330.000766409
-791668.994867	-180879.866541	-3457.2937353	-23456.2390177	-330.000766409
-791677.49734	-180879.866541	-3460.01967096	-23449.4789044	-330.000766409
-791684.796939	-180879.866541	-3462.53299519	-23443.4670876	-330.000766409
-791692.384999	-180879.866541	-3464.97226982	-23436.9216234	-330.000766409
-791698.882294	-180879.866541	-3467.38031104	-23431.0911019	-330.000766409
-791703.048785	-180879.866541	-3469.6122171	-23427.1475188	-330.000766409
-791707.837859	-180879.866541	-3471.68762657	-23424.11349	-330.000766409
-791713.7425	-180879.866541	-3473.69858299	-23420.5301054	-330.000766409
-791719.573217	-180879.866541	-3475.65716723	-23416.6730615	-330.000766409
-791724.343367	-180879.866541	-3477.48516719	-23413.1510567	-330.000766409
-791729.088421	-180879.866541	-3479.20419257	-23409.7309289	-330.000766409
-791734.304793	-180879.866541	-3480.86778439	-23406.0508742	-330.000766409
-791739.678771	-180879.866541	-3482.47114265	-23401.6928822	-330.000766409
-791744.665141	-180879.866541	-3484.01981656	-23396.9299379	-330.000766409
-791748.639887	-180879.866541	-3485.54974037	-23392.5803279	-330.000766409
-791751.488682	-180879.866541	-3487.11307863	-23389.5481887	-330.000766409
-791754.507424	-180879.866541	-3488.70644221	-23387.2167086	-330.000766409
-791757.888066	-180879.866541	-3490.30065556	-23384.760395	-330.000766409
-791761.192768	-180879.866541	-3491.89321062	-23382.2589106	-330.000766409
-791764.717306	-180879.866541	-3493.48360218	-23379.7404514	-330.000766409
-791768.719648	-180879.866541	-3495.08228558	-23376.6026358	-330.000766409
-791772.841796	-180879.866541	-3496.72417049	-23373.0748412	-330.000766409
-791776.121027	-180879.866541	-3498.34807659	-23369.7966021	-330.000766409
-791778.886899	-180879.866541	-3499.86506115	-23366.5645054	-330.000766409
-791781.569696	-180879.866541	-3501.33554975	-23363.3912455	-330.000766409
-791783.947726	-180879.866541	-3502.82223588	-23360.9859352	-330.000766409
-791786.003683	-180879.866541	-3504.2937022	-23358.9891912	-330.000766409
-791787.957918	-180879.866541	-3505.83080962	-23357.4629279	-330.000766409
-791790.544696	-180879.866541	-3507.38064598	-23356.0134268	-330.000766409
-791793.197901	-180879.866541	-3508.91898258	-23354.2366655	-330.000766409
-791795.468609	-180879.866541	-3510.45667562	-23352.7772122	-330.000766409
-791797.948649	-180879.866541	-3511.99238059	-23351.3678429	-330.000766409
-791800.53146	-180879.866541	-3513.51876491	-23349.7080266	-330.000766409
-791803.096311	-180879.866541	-3515.0319302	-23347.8688029	-330.000766409
-791805.514931	-180879.866541	-3516.53251242	-23345.9064392	-330.000766409
-791807.469628	-180879.866541	-3518.02977971	-23344.2055818	-330.000766409
-791809.674279	-180879.866541	-3519.51195358	-23342.5566151	-330.000766409
-791812.203305	-180879.866541	-3520.96020114	-23340.3740357	-330.000766409
-791814.422078	-180879.866541	-3522.37497696	-23338.0384585	-330.000766409
-791815.859999	-180879.866541	-3523.80974795	-23336.4639061	-330.000766409
-791817.353854	-180879.866541	-3525.30574235	-23335.5502213	-330.000766409
-791819.393291	-180879.866541	-3526.84256181	-23334.3467089	-330.000766409
-791821.544534	-180879.866541	-3528.39022159	-23332.7880171	-330.000766409
-791823.664967	-180879.866541	-3529.93865054	-23331.0058598	-330.000766409
-791825.40843	-180879.866541	-3531.49645242	-23329.2633708	-330.000766409
-791826.943667	-180879.866541	-3533.0704727	-23327.8841373	-330.000766409
-791828.665907	-180879.866541	-3534.66420353	-23326.3829075	-330.000766409
-791830.284225	-180879.866541	-3536.28828483	-23324.9925749	-330.000766409
-791831.52201	-180879.866541	-3537.91657838	-23323.8775434	-330.000766409
-791832.627357	-180879.866541	-3539.49705	-23322.8026889	-330.000766409
-791834.302262	-180879.866541	-3541.06303679	-23321.3592557	-330.000766409
-791836.003029	-180879.866541	-3542.63186196	-23319.7345899	-330.000766409
-791837.018313	-180879.866541	-3544.19206529	-23318.3947459	-330.000766409
-791837.894726	-180879.866541	-3545.76358691	-23317.3574059	-330.000766409
-791839.513627	-180879.866541	-3547.35309321	-23315.8945167	-330.000766409
-791841.550085	-180879.866541	-3548.96378713	-23313.7462527	-330.000766409
-791843.48027	-180879.866541	-3550.65063986	-23311.3532565	-330.000766409
-791843.59162	-180879.866541	-3552.32342542	-23310.2872141	-330.000766409
-791843.885506	-180879.866541	-3553.89506864	-23309.8166961	-330.000766409
-791844.970062	-180879.866541	-3555.47387231	-23308.9225618	-330.000766409
-791846.157953	-180879.866541	-3557.05436424	-23308.0986955	-330.000766409
-791847.279092	-180879.866541	-3558.63854185	-23307.2439469	-330.000766409
-791848.049509	-180879.866541	-3560.23333567	-23306.7964817	-330.000766409
-791849.097361	-180879.866541	-3561.82842164	-23306.3847613	-330.000766409
-791850.236528	-180879.866541	-3563.41828804	-23305.8106239	-330.000766409
-791851.353548	-180879.866541	-3565.00252689	-23305.2010072	-330.000766409
-791852.444979	-180879.866541	-3566.58112253	-23304.5735894	-330.000766409
-791853.520434	-180879.866541	-3568.15375481	-23303.9158411	-330.000766409
-791854.595323	-180879.866541	-3569.71965296	-23303.2030542	-330.000766409
-791855.690311	-180879.866541	-3571.27737714	-23302.3966724	-330.000766409
-791856.808622	-180879.866541	-3572.82511156	-23301.455462	-330.000766409
-791857.800028	-180879.866541	-3574.36565004	-23300.4546656	-330.000766409
-791858.473163	-180879.866541	-3575.91436214	-23299.7457419	-330.000766409
-791859.223838	-180879.866541	-3577.47860011	-23299.1923977	-330.000766409
-791859.844138	-180879.866541	-3579.05512296	-23298.777389	-330.000766409
-791860.495078	-180879.866541	-3580.63199775	-23298.4828525	-330.000766409
-791861.203027	-180879.866541	-3582.20280502	-23298.1437612	-330.000766409
-791861.90194	-180879.866541	-3583.76688569	-23297.7940911	-330.000766409
-791862.582315	-180879.866541	-3585.32408017	-23297.4471713	-330.000766409
-791863.243533	-180879.866541	-3586.8734685	-23297.104423	-330.000766409
-791863.884755	-180879.866541	-3588.4128702	-23296.7662854	-330.000766409
-791864.501656	-180879.866541	-3589.93780249	-23296.435951	-330.000766409
-791865.0781	-180879.866541	-3591.43900674	-23296.1280479	-330.000766409
-791865.5613	-180879.866541	-3592.8976088	-23295.8993833	-330.000766409
-791865.825583	-180879.866541	-3594.28641146	-23295.9299744	-330.000766409
-791865.883728	-180879.866541	-3595.62137373	-23296.3609468	-330.000766409
-791866.1146	-180879.866541	-3596.96252647	-23296.2193269	-330.000766409
-791866.545238	-180879.866541	-3598.317676	-23295.535245	-330.000766409
-791867.109701	-180879.866541	-3599.68643101	-23294.7701845	-330.000766409
-791867.773776	-180879.866541	-3601.06743481	-23293.9324683	-330.000766409
-791868.413295	-180879.866541	-3602.45921442	-23293.0773999	-330.000766409
-791868.79106	-180879.866541	-3603.87284958	-23292.513417	-330.000766409
-791869.28257	-180879.866541	-3605.31994433	-23292.2184009	-330.000766409
-791869.981072	-180879.866541	-3606.79139598	-23291.8085335	-330.000766409
-791870.706931	-180879.866541	-3608.277138	-23291.3500011	-330.000766409
-791871.429139	-180879.866541	-3609.77246462	-23290.8994186	-330.000766409
-791872.144504	-180879.866541	-3611.27461276	-23290.4643019	-330.000766409
-791872.851716	-180879.866541	-3612.78168228	-23290.0439168	-330.000766409
-791873.549618	-180879.866541	-3614.29223239	-23289.6364867	-330.000766409
-791874.237293	-180879.866541	-3615.80510095	-23289.2401018	-330.000766409
-791874.914189	-180879.866541	-3617.31931359	-23288.8527259	-330.000766409
-791875.580216	-180879.866541	-3618.83403017	-23288.4720328	-330.000766409
-791876.235883	-180879.866541	-3620.34850683	-23288.095141	-330.000766409
-791876.882516	-180879.866541	-3621.86206257	-23287.718046	-330.000766409
-791877.522657	-180879.866541	-3623.37404187	-23287.3349815	-330.000766409
-791878.160779	-180879.866541	-3624.88376488	-23286.9371704	-330.000766409
-791878.804517	-180879.866541	-3626.39045465	-23286.5105934	-330.000766409
-791879.466472	-180879.866541	-3627.89313562	-23286.0328253	-330.000766409
-791880.163841	-180879.866541	-3629.39057983	-23285.4705345	-330.000766409
-791880.892414	-180879.866541	-3630.88202113	-23284.7964016	-330.000766409
-791881.494748	-180879.866541	-3632.37151805	-23284.1157788	-330.000766409
-791881.819789	-180879.866541	-3633.86764828	-23283.7434208	-330.000766409
-791882.2676	-180879.866541	-3635.36536864	-23283.452191	-330.000766409
-791882.819493	-180879.866541	-3636.85742455	-23283.0291653	-330.000766409
-791883.408286	-180879.866541	-3638.33925299	-23282.5055654	-330.000766409
-791884.034048	-180879.866541	-3639.80539777	-23281.8617385	-330.000766409
-791884.583846	-180879.866541	-3641.2512272	-23281.1436603	-330.000766409
-791884.746986	-180879.866541	-3642.69556235	-23280.7537352	-330.000766409
-791885.05503	-180879.866541	-3644.17160396	-23280.684392	-330.000766409
-791885.563513	-180879.866541	-3645.66574707	-23280.4772346	-330.000766409
-791886.055661	-180879.866541	-3647.16121496	-23280.2315752	-330.000766409
-791886.517046	-180879.866541	-3648.65337246	-23279.9931882	-330.000766409
-791886.953501	-180879.866541	-3650.14042094	-23279.7645111	-330.000766409
-791887.369333	-180879.866541	-3651.62161648	-23279.5435462	-330.000766409
-791887.767443	-180879.866541	-3653.09667913	-23279.3282945	-330.000766409
-791888.150041	-180879.866541	-3654.56552891	-23279.1169443	-330.000766409
-791888.519047	-180879.866541	-3656.02816868	-23278.9076615	-330.000766409
-791888.876323	-180879.866541	-3657.48462925	-23278.6983645	-330.000766409
-791889.223865	-180879.866541	-3658.93494025	-23278.4864648	-330.000766409
-791889.564035	-180879.866541	-3660.37911021	-23278.2685008	-330.000766409
-791889.899916	-180879.866541	-3661.81710637	-23278.0395432	-330.000766409
-791890.235969	-180879.866541	-3663.24882558	-23277.7921599	-330.000766409
-791890.579256	-180879.866541	-3664.67404366	-23277.5145352	-330.000766409
-791890.941671	-180879.866541	-3666.09232607	-23277.187088	-330.000766409
-791891.34203	-180879.866541	-3667.50292567	-23276.7778401	-330.000766409
